Parametro       mean   se_mean  sd      2.5%      25%      50%      75%    97.5%  n_eff  Rhat
b_Intercept     -2.81    0.00  0.37    -3.56    -3.06    -2.80    -2.56    -2.11  24693    1
b_age_c         -0.03    0.00  0.00    -0.03    -0.03    -0.03    -0.02    -0.02  58347    1
b_assess_c1     -1.07    0.00  0.10    -1.26    -1.13    -1.07    -1.00    -0.88  21333    1
b_assess_c2     -0.71    0.00  0.10    -0.90    -0.78    -0.71    -0.64    -0.52  21055    1
b_assess_c3     -0.46    0.00  0.10    -0.65    -0.52    -0.46    -0.39    -0.26  21854    1
b_assess_c4     -0.31    0.00  0.10    -0.50    -0.37    -0.31    -0.24    -0.12  21441    1
b_assess_c5     -0.48    0.00  0.12    -0.73    -0.57    -0.48    -0.40    -0.24  27003    1
b_famhx_c1       0.16    0.00  0.07     0.03     0.12     0.16     0.21     0.30  39451    1
b_famhx_c9       0.06    0.00  0.08    -0.08     0.01     0.06     0.11     0.21  38102    1
b_density_c2     1.20    0.00  0.29     0.67     1.00     1.18     1.38     1.80  21183    1
b_density_c3     0.64    0.00  0.31     0.06     0.43     0.63     0.84     1.28  21740    1
b_density_c4    -0.80    0.00  0.85    -2.69    -1.30    -0.71    -0.20     0.64  30663    1
b_bmi_c          0.00    0.00  0.01    -0.01     0.00     0.00     0.01     0.02  52375    1